name,age,email,division,telephone,sex
Çã¿ëÀº, 1,pug0u23o@gmail.com,uesdep,010-4713-6445,m